# step, loss_train, loss_test, metrics_test
0.000000000000000000e+00 1.999005006089278960e-02 3.470458082087314751e-04 6.153999294881448527e-04 4.682094797334592862e-05 5.891532867993002717e-07 4.429031015991223693e-04 1.994150112549726084e-04 8.910100030806134236e-05 1.682401358537407498e-07 2.670052688665405793e-02 3.470458082087314751e-04 6.153999294881448527e-04 4.682094797334592862e-05 5.891532867993002717e-07 4.429031015991223693e-04 1.994150112549726084e-04 8.910100030806134236e-05 1.682401358537407498e-07
1.000000000000000000e+03 1.698322222599740403e-02 5.203656899347914837e-06 2.579808253815654899e-05 9.111712995119499581e-06 4.682154112543130465e-06 1.266541071235371058e-06 1.478986279096147384e-06 8.421443258655419022e-07 3.909931479045121959e-07 2.183601913166438591e-02 5.203656899347914837e-06 2.579808253815654899e-05 9.111712995119499581e-06 4.682154112543130465e-06 1.266541071235371058e-06 1.478986279096147384e-06 8.421443258655419022e-07 3.909931479045121959e-07
2.000000000000000000e+03 4.878838326933266842e-03 3.050549588961170369e-06 4.138330164242973674e-05 5.938370030271117981e-06 7.100402966883026539e-06 2.697853330302244586e-07 7.326670187982067830e-07 1.553899215836573383e-07 2.437623763954370634e-07 6.036202649705078860e-03 3.050549588961170369e-06 4.138330164242973674e-05 5.938370030271117981e-06 7.100402966883026539e-06 2.697853330302244586e-07 7.326670187982067830e-07 1.553899215836573383e-07 2.437623763954370634e-07
3.000000000000000000e+03 3.827965718766065343e-03 3.960878627239172595e-08 9.350883388669840431e-06 4.681779646770327733e-07 2.107666203746937016e-06 4.697003362591912432e-09 8.453563901819335199e-08 2.636701094834290723e-09 3.190784247712718022e-08 5.718658161369930167e-03 3.960878627239172595e-08 9.350883388669840431e-06 4.681779646770327733e-07 2.107666203746937016e-06 4.697003362591912432e-09 8.453563901819335199e-08 2.636701094834290723e-09 3.190784247712718022e-08
4.000000000000000000e+03 3.759835178004920699e-03 4.843213877208472335e-08 4.160289276853462205e-06 3.513835233002169400e-07 8.356407665947836335e-07 3.171613403101374139e-09 4.039358547593970767e-08 2.672141015674580173e-09 9.949204564129500662e-09 5.756635548846910158e-03 4.843213877208472335e-08 4.160289276853462205e-06 3.513835233002169400e-07 8.356407665947836335e-07 3.171613403101374139e-09 4.039358547593970767e-08 2.672141015674580173e-09 9.949204564129500662e-09
5.000000000000000000e+03 4.215121241225551312e-03 5.615772106442900733e-07 6.704596791415425663e-06 1.433894880956931919e-05 1.861993451887735448e-05 8.050993821375774316e-06 1.272467447186386703e-06 5.553859457452160678e-06 3.783080653003910173e-06 6.076987507616200650e-03 5.615772106442900733e-07 6.704596791415425663e-06 1.433894880956931919e-05 1.861993451887735448e-05 8.050993821375774316e-06 1.272467447186386703e-06 5.553859457452160678e-06 3.783080653003910173e-06
6.000000000000000000e+03 3.720897683770261685e-03 2.334666007036717080e-08 1.985752024799830065e-06 2.944379600432171493e-07 3.959534143736507887e-07 2.220162427387108273e-09 1.717510903764071971e-08 1.611451757553892962e-09 3.817340081299092030e-09 5.772141956719508901e-03 2.334666007036717080e-08 1.985752024799830065e-06 2.944379600432171493e-07 3.959534143736507887e-07 2.220162427387108273e-09 1.717510903764071971e-08 1.611451757553892962e-09 3.817340081299092030e-09
7.000000000000000000e+03 3.708270192234775463e-03 1.176394319695291354e-08 1.692598474084405006e-06 2.141576943974251914e-07 3.183976013329665590e-07 2.303972201552460985e-09 1.439472798839532289e-08 1.243393716043087873e-09 4.000913329944028552e-09 5.769850224850715283e-03 1.176394319695291354e-08 1.692598474084405006e-06 2.141576943974251914e-07 3.183976013329665590e-07 2.303972201552460985e-09 1.439472798839532289e-08 1.243393716043087873e-09 4.000913329944028552e-09
8.000000000000000000e+03 3.698353105806666957e-03 9.155891455598112254e-09 1.393675315973850318e-06 1.512435575717545536e-07 2.988171425277327941e-07 3.890444157498720373e-09 1.227170971896181099e-08 1.430262917906297056e-10 3.567498566426466817e-09 5.759296105002040603e-03 9.155891455598112254e-09 1.393675315973850318e-06 1.512435575717545536e-07 2.988171425277327941e-07 3.890444157498720373e-09 1.227170971896181099e-08 1.430262917906297056e-10 3.567498566426466817e-09
9.000000000000000000e+03 3.687735690758076751e-03 6.807618798069360182e-09 1.192341986529875488e-06 7.570993478258097263e-08 2.315547046871544953e-07 1.845557218302869616e-09 6.651610868385335479e-09 5.583784404761911367e-09 8.544587380580723051e-09 5.731616803142353979e-03 6.807618798069360182e-09 1.192341986529875488e-06 7.570993478258097263e-08 2.315547046871544953e-07 1.845557218302869616e-09 6.651610868385335479e-09 5.583784404761911367e-09 8.544587380580723051e-09
1.000000000000000000e+04 3.711813022045771463e-03 2.979306268375703412e-08 1.516621880354549120e-06 4.962781962176532834e-07 5.982012861633451715e-07 8.458239031852083824e-09 5.583247574888845310e-08 5.656052738863981011e-08 3.655661204636462786e-08 5.732077790004870034e-03 2.979306268375703412e-08 1.516621880354549120e-06 4.962781962176532834e-07 5.982012861633451715e-07 8.458239031852083824e-09 5.583247574888845310e-08 5.656052738863981011e-08 3.655661204636462786e-08
1.100000000000000000e+04 3.665101441102429792e-03 2.997905534003327127e-08 9.265540884638115792e-07 9.067451796616941958e-08 1.415571468403490915e-07 2.139264938604816212e-08 1.164920282834127979e-08 2.745254116758245468e-08 3.310131483000045198e-08 5.722960925154063627e-03 2.997905534003327127e-08 9.265540884638115792e-07 9.067451796616941958e-08 1.415571468403490915e-07 2.139264938604816212e-08 1.164920282834127979e-08 2.745254116758245468e-08 3.310131483000045198e-08
1.200000000000000000e+04 3.654698746035113955e-03 4.957392648337569046e-08 8.670455449378969846e-07 1.354311771539052483e-07 7.584681745603588369e-08 8.068386278276549407e-10 1.017968252629535752e-08 1.798614951465429226e-09 2.946624485693974267e-09 5.717366463544634736e-03 4.957392648337569046e-08 8.670455449378969846e-07 1.354311771539052483e-07 7.584681745603588369e-08 8.068386278276549407e-10 1.017968252629535752e-08 1.798614951465429226e-09 2.946624485693974267e-09
1.300000000000000000e+04 3.643484607743097820e-03 3.493451406392034088e-08 8.413769178890519430e-07 6.456477559576578558e-08 9.103191601149792020e-08 1.378226387464636863e-08 1.862239198485826580e-08 4.734933595740770321e-09 1.142302357322492791e-08 5.668252293264883224e-03 3.493451406392034088e-08 8.413769178890519430e-07 6.456477559576578558e-08 9.103191601149792020e-08 1.378226387464636863e-08 1.862239198485826580e-08 4.734933595740770321e-09 1.142302357322492791e-08
1.400000000000000000e+04 3.631006735800688164e-03 5.616469437162210219e-08 7.031974484513667622e-07 9.519859336966731713e-08 6.525748040856080407e-08 4.242593193214298988e-08 1.257037539729154427e-08 4.711394779636974992e-08 2.827183331920750583e-08 5.674671070968996360e-03 5.616469437162210219e-08 7.031974484513667622e-07 9.519859336966731713e-08 6.525748040856080407e-08 4.242593193214298988e-08 1.257037539729154427e-08 4.711394779636974992e-08 2.827183331920750583e-08
1.500000000000000000e+04 3.617105079809824347e-03 8.017755210132469619e-08 6.332976987923967286e-07 1.362068472739719573e-07 2.815139523028776738e-07 1.592738181696421992e-07 1.041281972876589974e-07 1.316057611468684727e-07 1.525352400525245721e-07 5.627927662646007960e-03 8.017755210132469619e-08 6.332976987923967286e-07 1.362068472739719573e-07 2.815139523028776738e-07 1.592738181696421992e-07 1.041281972876589974e-07 1.316057611468684727e-07 1.525352400525245721e-07
1.600000000000000000e+04 4.162770922519512702e-03 1.140595080375389308e-07 1.825515301796611887e-06 5.689881723452262783e-08 4.714644421123515853e-06 2.371988783413006362e-07 5.729427878268789023e-08 4.986473479799416212e-07 2.075806831672616101e-07 5.781632977646620000e-03 1.140595080375389308e-07 1.825515301796611887e-06 5.689881723452262783e-08 4.714644421123515853e-06 2.371988783413006362e-07 5.729427878268789023e-08 4.986473479799416212e-07 2.075806831672616101e-07
1.700000000000000000e+04 3.555632488977431005e-03 3.270969571942170814e-08 1.504245925421264982e-07 3.991489580499329921e-08 1.672133937966739263e-07 9.075719690536834458e-10 1.974044985062108149e-09 2.126578982079376258e-10 1.236472758582016453e-09 5.625135744637115714e-03 3.270969571942170814e-08 1.504245925421264982e-07 3.991489580499329921e-08 1.672133937966739263e-07 9.075719690536834458e-10 1.974044985062108149e-09 2.126578982079376258e-10 1.236472758582016453e-09
1.800000000000000000e+04 3.686101853674381840e-03 2.591813271549479206e-08 4.576578219357218696e-07 3.496539273687240980e-07 1.690618344410512091e-07 2.413122439252640485e-08 2.645240880774373618e-08 4.575443727242550685e-08 1.195693725657693106e-08 6.269545280610156271e-03 2.591813271549479206e-08 4.576578219357218696e-07 3.496539273687240980e-07 1.690618344410512091e-07 2.413122439252640485e-08 2.645240880774373618e-08 4.575443727242550685e-08 1.195693725657693106e-08
1.900000000000000000e+04 4.129864970022231394e-03 4.713115379959201093e-06 1.881649031319087388e-05 8.534199724679042404e-06 1.200259498412969862e-06 6.820916952855039390e-07 9.678023810727861022e-07 1.127777162329818092e-06 3.601400014599138796e-06 5.382576504695295999e-03 4.713115379959201093e-06 1.881649031319087388e-05 8.534199724679042404e-06 1.200259498412969862e-06 6.820916952855039390e-07 9.678023810727861022e-07 1.127777162329818092e-06 3.601400014599138796e-06
2.000000000000000000e+04 2.741593430675621536e-03 6.932939513149505420e-09 3.000202244354555365e-07 7.611348726998642597e-08 1.653563447422298707e-07 6.164711038537396389e-10 1.163048211196950528e-09 1.280840151708062660e-10 1.453275720922934142e-09 4.800493092969649635e-03 6.932939513149505420e-09 3.000202244354555365e-07 7.611348726998642597e-08 1.653563447422298707e-07 6.164711038537396389e-10 1.163048211196950528e-09 1.280840151708062660e-10 1.453275720922934142e-09
2.000000000000000000e+04 2.741593430675621536e-03 6.932939513149505420e-09 3.000202244354555365e-07 7.611348726998642597e-08 1.653563447422298707e-07 6.164711038537396389e-10 1.163048211196950528e-09 1.280840151708062660e-10 1.453275720922934142e-09 4.800493092969649635e-03 6.932939513149505420e-09 3.000202244354555365e-07 7.611348726998642597e-08 1.653563447422298707e-07 6.164711038537396389e-10 1.163048211196950528e-09 1.280840151708062660e-10 1.453275720922934142e-09
2.100000000000000000e+04 1.522307182663154004e-03 8.782396467049721227e-07 1.425748192317497037e-06 7.158053062419930460e-07 9.075812399885780018e-07 1.050063297593733385e-08 7.483054950678833100e-08 1.885658466782112867e-08 8.855493871743354594e-08 4.458470092124207536e-03 8.782396467049721227e-07 1.425748192317497037e-06 7.158053062419930460e-07 9.075812399885780018e-07 1.050063297593733385e-08 7.483054950678833100e-08 1.885658466782112867e-08 8.855493871743354594e-08
2.200000000000000000e+04 1.159330049275299635e-03 7.724301884755251792e-07 1.374609011045277204e-06 7.727615798931073073e-07 1.198225551299432987e-06 1.556784691302030592e-08 4.278451549165602241e-08 2.198575817691193474e-08 6.724718391487162609e-08 4.174167134176426375e-03 7.724301884755251792e-07 1.374609011045277204e-06 7.727615798931073073e-07 1.198225551299432987e-06 1.556784691302030592e-08 4.278451549165602241e-08 2.198575817691193474e-08 6.724718391487162609e-08
2.300000000000000000e+04 1.000424588398801879e-03 6.417393321851429661e-07 1.446429328360953045e-06 1.754855573497071346e-06 4.669344034426230456e-07 5.870125704330799045e-08 3.901887100462562254e-08 1.223151804546161832e-08 4.497196531231350108e-08 3.959038201371926739e-03 6.417393321851429661e-07 1.446429328360953045e-06 1.754855573497071346e-06 4.669344034426230456e-07 5.870125704330799045e-08 3.901887100462562254e-08 1.223151804546161832e-08 4.497196531231350108e-08
2.400000000000000000e+04 7.856274887409304356e-04 1.869946994048046766e-06 1.147649023505181553e-06 1.320868382127902401e-06 5.636734235239670044e-07 3.127331858085903119e-08 9.395106257498467071e-08 9.416090975412850021e-08 3.999217201752961843e-08 4.140376784556479110e-03 1.869946994048046766e-06 1.147649023505181553e-06 1.320868382127902401e-06 5.636734235239670044e-07 3.127331858085903119e-08 9.395106257498467071e-08 9.416090975412850021e-08 3.999217201752961843e-08
2.500000000000000000e+04 6.454950648711700123e-04 2.552997850554503542e-07 1.861972853807412573e-06 9.528360813689313667e-07 8.628174679627600573e-07 1.994367241180123152e-08 4.546081069977945722e-08 1.776791299018507132e-08 2.880525141505755871e-08 4.350030307924242917e-03 2.552997850554503542e-07 1.861972853807412573e-06 9.528360813689313667e-07 8.628174679627600573e-07 1.994367241180123152e-08 4.546081069977945722e-08 1.776791299018507132e-08 2.880525141505755871e-08
2.600000000000000000e+04 5.655283015381472453e-04 8.194807723189649449e-07 2.370618434168001327e-06 4.012234604874230911e-07 4.652526408514458912e-07 9.639158805747426740e-09 5.045272926909678041e-08 5.949526708383256483e-08 1.210189672495748095e-07 4.261033762808393716e-03 8.194807723189649449e-07 2.370618434168001327e-06 4.012234604874230911e-07 4.652526408514458912e-07 9.639158805747426740e-09 5.045272926909678041e-08 5.949526708383256483e-08 1.210189672495748095e-07
2.700000000000000000e+04 4.728827257167619565e-04 2.303428961479328285e-07 9.314923508664767868e-07 2.278630159377603752e-07 6.247664394140027602e-07 3.623934238418248796e-08 3.271428506200096465e-08 1.427046270861628879e-08 1.620749273665547391e-08 4.429224295539584827e-03 2.303428961479328285e-07 9.314923508664767868e-07 2.278630159377603752e-07 6.247664394140027602e-07 3.623934238418248796e-08 3.271428506200096465e-08 1.427046270861628879e-08 1.620749273665547391e-08
2.800000000000000000e+04 3.690416680230146915e-04 2.300017056547863384e-07 1.192753381165565526e-06 3.329355275581268858e-07 5.564342788771254015e-07 5.266319620587379744e-09 4.626905605355613491e-09 2.622117005825449071e-08 1.436268087841148449e-08 5.176092566640792640e-03 2.300017056547863384e-07 1.192753381165565526e-06 3.329355275581268858e-07 5.564342788771254015e-07 5.266319620587379744e-09 4.626905605355613491e-09 2.622117005825449071e-08 1.436268087841148449e-08
2.900000000000000000e+04 2.772481344573939077e-04 2.942529164152416310e-08 1.277439908643317678e-06 1.925352924674291732e-07 5.118506867575271555e-07 2.313318449757551411e-08 3.892007475566385813e-08 1.473411261102635903e-09 2.995300973682038496e-08 5.257510409280984932e-03 2.942529164152416310e-08 1.277439908643317678e-06 1.925352924674291732e-07 5.118506867575271555e-07 2.313318449757551411e-08 3.892007475566385813e-08 1.473411261102635903e-09 2.995300973682038496e-08
3.000000000000000000e+04 2.306041237741585418e-04 2.343484294171044040e-07 6.096578528800861428e-07 2.023181749950577464e-07 3.172940494800895672e-07 5.725094901942784006e-08 8.533668629927860191e-09 6.078903668881039635e-08 3.383590208353235893e-08 5.473794265715000058e-03 2.343484294171044040e-07 6.096578528800861428e-07 2.023181749950577464e-07 3.172940494800895672e-07 5.725094901942784006e-08 8.533668629927860191e-09 6.078903668881039635e-08 3.383590208353235893e-08
3.100000000000000000e+04 1.930666573547541915e-04 3.142582972794361687e-08 1.196300323682266291e-06 2.275077982878352255e-07 4.280055665225916297e-07 6.629176011479165885e-09 5.903232894055315431e-08 2.956958960658589222e-09 5.037569775042815796e-08 5.481785109285040522e-03 3.142582972794361687e-08 1.196300323682266291e-06 2.275077982878352255e-07 4.280055665225916297e-07 6.629176011479165885e-09 5.903232894055315431e-08 2.956958960658589222e-09 5.037569775042815796e-08
3.200000000000000000e+04 1.587447125652591544e-04 9.756152805572294137e-08 9.372251657212911373e-07 1.983546534027001528e-07 4.751990950312799932e-07 6.617599206904695499e-09 4.060431892837781552e-08 2.579476533598856794e-09 1.589722879202473166e-08 5.456011005521512261e-03 9.756152805572294137e-08 9.372251657212911373e-07 1.983546534027001528e-07 4.751990950312799932e-07 6.617599206904695499e-09 4.060431892837781552e-08 2.579476533598856794e-09 1.589722879202473166e-08
3.300000000000000000e+04 1.393156618477554647e-04 1.321075388384466793e-07 4.980349801733923884e-07 1.626823299797479251e-07 6.074895905162512724e-07 5.776544824038149707e-09 1.562702380322958034e-09 2.512817260090750615e-09 2.441708373854841789e-08 5.503963565534489635e-03 1.321075388384466793e-07 4.980349801733923884e-07 1.626823299797479251e-07 6.074895905162512724e-07 5.776544824038149707e-09 1.562702380322958034e-09 2.512817260090750615e-09 2.441708373854841789e-08
3.400000000000000000e+04 1.238074155364790076e-04 3.600646067954122733e-08 7.413498342066898409e-07 3.969104223812039692e-07 5.617465209117473629e-07 2.667054956102414927e-08 3.471206524809101789e-09 3.938005119301714710e-09 1.398822254825138971e-08 5.564954608309392002e-03 3.600646067954122733e-08 7.413498342066898409e-07 3.969104223812039692e-07 5.617465209117473629e-07 2.667054956102414927e-08 3.471206524809101789e-09 3.938005119301714710e-09 1.398822254825138971e-08
3.500000000000000000e+04 1.061486316621030359e-04 1.227278210565903718e-08 8.898429421572198607e-07 3.694802155339715117e-07 1.986808314237736803e-07 8.176472782076026852e-09 1.562073843361890712e-08 9.410523080135078963e-10 1.610843090656051528e-09 5.487495775277296574e-03 1.227278210565903718e-08 8.898429421572198607e-07 3.694802155339715117e-07 1.986808314237736803e-07 8.176472782076026852e-09 1.562073843361890712e-08 9.410523080135078963e-10 1.610843090656051528e-09
3.600000000000000000e+04 9.352119089183842974e-05 2.817853521486818221e-08 8.105729616816697547e-07 4.849736606524142861e-07 2.912619392267795404e-07 1.588338584215026321e-08 1.959610592214366925e-08 2.650738937810278096e-09 4.791583652706550305e-09 5.464893568668157883e-03 2.817853521486818221e-08 8.105729616816697547e-07 4.849736606524142861e-07 2.912619392267795404e-07 1.588338584215026321e-08 1.959610592214366925e-08 2.650738937810278096e-09 4.791583652706550305e-09
3.700000000000000000e+04 8.315855997545000794e-05 4.760790554445983282e-08 4.908515169261049799e-07 7.727702562826897613e-08 2.000680593725293692e-07 3.918454703281784587e-09 1.028487831382168018e-08 1.357341057113312911e-09 8.801648933411259852e-09 5.443768720230565163e-03 4.760790554445983282e-08 4.908515169261049799e-07 7.727702562826897613e-08 2.000680593725293692e-07 3.918454703281784587e-09 1.028487831382168018e-08 1.357341057113312911e-09 8.801648933411259852e-09
3.800000000000000000e+04 7.204322198241130851e-05 9.070783937861268189e-08 2.780878639670180240e-07 1.418192106766046524e-07 1.752666668942054923e-07 2.568701238156659617e-09 4.389717969258119772e-09 5.035503662877135176e-09 3.675351626612108665e-09 5.373164702609042713e-03 9.070783937861268189e-08 2.780878639670180240e-07 1.418192106766046524e-07 1.752666668942054923e-07 2.568701238156659617e-09 4.389717969258119772e-09 5.035503662877135176e-09 3.675351626612108665e-09
3.900000000000000000e+04 6.470284920534974881e-05 8.909449426842988496e-08 2.976240213190112051e-07 1.095458911526258166e-07 2.634363181428775368e-07 2.299929117461272423e-09 5.782361876470732148e-09 2.795296120504786284e-09 1.331753632235014218e-08 5.400116013033692992e-03 8.909449426842988496e-08 2.976240213190112051e-07 1.095458911526258166e-07 2.634363181428775368e-07 2.299929117461272423e-09 5.782361876470732148e-09 2.795296120504786284e-09 1.331753632235014218e-08
4.000000000000000000e+04 5.830162831509329605e-05 1.352110352804604970e-07 3.128083769929225586e-07 7.599870859202240635e-08 9.152207592030093784e-08 2.594954629946645864e-08 9.519292184105881273e-09 1.404266357095177010e-08 1.972249770615592875e-09 5.434842841846465426e-03 1.352110352804604970e-07 3.128083769929225586e-07 7.599870859202240635e-08 9.152207592030093784e-08 2.594954629946645864e-08 9.519292184105881273e-09 1.404266357095177010e-08 1.972249770615592875e-09
4.100000000000000000e+04 5.129886683315958916e-05 1.669206828153385634e-07 2.227609662054215579e-07 6.297809604438419625e-08 3.914693463053516262e-08 1.067223405728293705e-08 1.933800351886941614e-08 1.166522345732223569e-08 6.559483267310149336e-09 5.388816064929968785e-03 1.669206828153385634e-07 2.227609662054215579e-07 6.297809604438419625e-08 3.914693463053516262e-08 1.067223405728293705e-08 1.933800351886941614e-08 1.166522345732223569e-08 6.559483267310149336e-09
4.200000000000000000e+04 4.769640359039996314e-05 2.502309723415971679e-08 1.504512225192010605e-07 8.073828538320586425e-08 8.433163615304479163e-08 2.691384746914208236e-09 3.493825885679718599e-09 8.247084019833513710e-10 1.330284138800888293e-09 5.337459304812706452e-03 2.502309723415971679e-08 1.504512225192010605e-07 8.073828538320586425e-08 8.433163615304479163e-08 2.691384746914208236e-09 3.493825885679718599e-09 8.247084019833513710e-10 1.330284138800888293e-09
4.300000000000000000e+04 4.393364401247982701e-05 1.214366283150598220e-08 1.217052082921596402e-07 6.551162337278092742e-08 1.789864804662157019e-07 3.317430841412130697e-09 7.821535524340645938e-10 4.001436517772419046e-10 2.812082210107589101e-09 5.381135131468154503e-03 1.214366283150598220e-08 1.217052082921596402e-07 6.551162337278092742e-08 1.789864804662157019e-07 3.317430841412130697e-09 7.821535524340645938e-10 4.001436517772419046e-10 2.812082210107589101e-09
4.400000000000000000e+04 4.090811151635154110e-05 1.418105298695042024e-08 2.055315112704226171e-07 1.534331766120512886e-07 1.472022377490805315e-07 4.335422582767752763e-09 2.103227197336554447e-09 1.188394358781292317e-09 4.366162233577436160e-09 5.366850696062816159e-03 1.418105298695042024e-08 2.055315112704226171e-07 1.534331766120512886e-07 1.472022377490805315e-07 4.335422582767752763e-09 2.103227197336554447e-09 1.188394358781292317e-09 4.366162233577436160e-09
4.500000000000000000e+04 3.756383231751701075e-05 2.363764189434904250e-08 2.787733732865512534e-07 1.621143282377863056e-07 2.389602451401005786e-07 1.446750324875787802e-08 2.754442514062574398e-09 7.533946724821171631e-09 5.340796237836478713e-09 5.302162340671358332e-03 2.363764189434904250e-08 2.787733732865512534e-07 1.621143282377863056e-07 2.389602451401005786e-07 1.446750324875787802e-08 2.754442514062574398e-09 7.533946724821171631e-09 5.340796237836478713e-09
4.600000000000000000e+04 3.494290064939266984e-05 5.087563765987662872e-08 2.699711464017517001e-07 2.084474420852348631e-07 2.226384232371368898e-07 5.443214529330901441e-09 1.745432969895648100e-09 2.443021931876677411e-09 1.625890808823787784e-08 5.279782422727068852e-03 5.087563765987662872e-08 2.699711464017517001e-07 2.084474420852348631e-07 2.226384232371368898e-07 5.443214529330901441e-09 1.745432969895648100e-09 2.443021931876677411e-09 1.625890808823787784e-08
4.700000000000000000e+04 3.211588830826740470e-05 1.026755473397413254e-07 2.470482577158087061e-07 1.556234315439249782e-07 1.977976290815664005e-07 1.269359337756596642e-09 1.863570079156709582e-09 5.679719128975364302e-09 8.098509692615132799e-09 5.250656144668040815e-03 1.026755473397413254e-07 2.470482577158087061e-07 1.556234315439249782e-07 1.977976290815664005e-07 1.269359337756596642e-09 1.863570079156709582e-09 5.679719128975364302e-09 8.098509692615132799e-09
4.800000000000000000e+04 3.003955806346742788e-05 1.049000764928336042e-07 3.164247389479085415e-07 8.948497816170721532e-08 2.184586456401776484e-07 2.015700377702684949e-09 1.550131899822701164e-09 1.045409729940891667e-08 2.912502196239709625e-09 5.231829850060995026e-03 1.049000764928336042e-07 3.164247389479085415e-07 8.948497816170721532e-08 2.184586456401776484e-07 2.015700377702684949e-09 1.550131899822701164e-09 1.045409729940891667e-08 2.912502196239709625e-09
4.900000000000000000e+04 2.765585221009000133e-05 4.583364098157314901e-08 4.033917875897683268e-07 1.363731224548206595e-07 1.577211926545758070e-07 9.481932343132070827e-09 3.210692810171439086e-09 1.413310631891236664e-09 8.307339123811447864e-09 5.219757672263030182e-03 4.583364098157314901e-08 4.033917875897683268e-07 1.363731224548206595e-07 1.577211926545758070e-07 9.481932343132070827e-09 3.210692810171439086e-09 1.413310631891236664e-09 8.307339123811447864e-09
5.000000000000000000e+04 2.587706367215602125e-05 6.012821999352451068e-08 3.171667315960281013e-07 2.079078918774323903e-07 1.185472697630024936e-07 1.485525998842884818e-08 4.937116624745963907e-09 2.977884899965119416e-09 5.164659935262969453e-09 5.187082876769400983e-03 6.012821999352451068e-08 3.171667315960281013e-07 2.079078918774323903e-07 1.185472697630024936e-07 1.485525998842884818e-08 4.937116624745963907e-09 2.977884899965119416e-09 5.164659935262969453e-09
